5/22/2015
6:05:15 PM
Time	signal in
0.000000E+0	-1.235429E-1
3.333333E-3	-1.722416E-1
6.666667E-3	1.716895E-2
1.000000E-2	1.828434E-1
1.333333E-2	9.591008E-2
1.666667E-2	-1.235478E-1
2.000000E-2	-1.722377E-1
2.333333E-2	1.717385E-2
2.666667E-2	1.828415E-1
3.000000E-2	9.590126E-2
3.333333E-2	-1.235537E-1
3.666667E-2	-1.722387E-1
4.000000E-2	1.717972E-2
4.333333E-2	1.828395E-1
4.666667E-2	9.589342E-2
5.000000E-2	-1.235654E-1
5.333333E-2	-1.722308E-1
5.666667E-2	1.718756E-2
6.000000E-2	1.828464E-1
6.333333E-2	9.589147E-2
6.666667E-2	-1.235674E-1
7.000000E-2	-1.722308E-1
7.333333E-2	1.719344E-2
7.666667E-2	1.828425E-1
8.000000E-2	9.588363E-2
8.333333E-2	-1.235723E-1
8.666667E-2	-1.722299E-1
9.000000E-2	1.720029E-2
9.333333E-2	1.828464E-1
9.666667E-2	9.588069E-2
1.000000E-1	-1.235752E-1
1.033333E-1	-1.722308E-1
1.066667E-1	1.720911E-2
1.100000E-1	1.828464E-1
1.133333E-1	9.587678E-2
1.166667E-1	-1.235742E-1
1.200000E-1	-1.722260E-1
1.233333E-1	1.721107E-2
1.266667E-1	1.828522E-1
1.300000E-1	9.587089E-2
1.333333E-1	-1.235811E-1
1.366667E-1	-1.722230E-1
1.400000E-1	1.721499E-2
1.433333E-1	1.828464E-1
1.466667E-1	9.586502E-2
1.500000E-1	-1.235889E-1
1.533333E-1	-1.722181E-1
1.566667E-1	1.722283E-2
1.600000E-1	1.828522E-1
1.633333E-1	9.585815E-2
1.666667E-1	-1.235977E-1
1.700000E-1	-1.722201E-1
1.733333E-1	1.723165E-2
1.766667E-1	1.828493E-1
1.800000E-1	9.585031E-2
1.833333E-1	-1.235938E-1
1.866667E-1	-1.722161E-1
1.900000E-1	1.723948E-2
1.933333E-1	1.828532E-1
1.966667E-1	9.584639E-2
2.000000E-1	-1.236066E-1
2.033333E-1	-1.722103E-1
2.066667E-1	1.723851E-2
2.100000E-1	1.828522E-1
2.133333E-1	9.584346E-2
2.166667E-1	-1.236085E-1
2.200000E-1	-1.722103E-1
2.233333E-1	1.724732E-2
2.266667E-1	1.828572E-1
2.300000E-1	9.583660E-2
2.333333E-1	-1.236124E-1
2.366667E-1	-1.722093E-1
2.400000E-1	1.725418E-2
2.433333E-1	1.828591E-1
2.466667E-1	9.583268E-2
2.500000E-1	-1.236144E-1
2.533333E-1	-1.722044E-1
2.566667E-1	1.726104E-2
2.600000E-1	1.828601E-1
2.633333E-1	9.582778E-2
2.666667E-1	-1.236173E-1
2.700000E-1	-1.722024E-1
2.733333E-1	1.726691E-2
2.766667E-1	1.828601E-1
2.800000E-1	9.582191E-2
2.833333E-1	-1.236252E-1
2.866667E-1	-1.721995E-1
2.900000E-1	1.726985E-2
2.933333E-1	1.828620E-1
2.966667E-1	9.581407E-2
3.000000E-1	-1.236271E-1
3.033333E-1	-1.721966E-1
3.066667E-1	1.727573E-2
3.100000E-1	1.828650E-1
3.133333E-1	9.581114E-2
3.166667E-1	-1.236359E-1
3.200000E-1	-1.721976E-1
3.233333E-1	1.728651E-2
3.266667E-1	1.828630E-1
3.300000E-1	9.580623E-2
3.333333E-1	-1.236369E-1
3.366667E-1	-1.721936E-1
3.400000E-1	1.729141E-2
3.433333E-1	1.828620E-1
3.466667E-1	9.579840E-2
3.500000E-1	-1.236457E-1
3.533333E-1	-1.721907E-1
3.566667E-1	1.729631E-2
3.600000E-1	1.828699E-1
3.633333E-1	9.579251E-2
3.666667E-1	-1.236487E-1
3.700000E-1	-1.721887E-1
3.733333E-1	1.730317E-2
3.766667E-1	1.828679E-1
3.800000E-1	9.578957E-2
3.833333E-1	-1.236536E-1
3.866667E-1	-1.721877E-1
3.900000E-1	1.730708E-2
3.933333E-1	1.828660E-1
3.966667E-1	9.578370E-2
4.000000E-1	-1.236575E-1
4.033333E-1	-1.721868E-1
4.066667E-1	1.731394E-2
4.100000E-1	1.828709E-1
4.133333E-1	9.578075E-2
4.166667E-1	-1.236595E-1
4.200000E-1	-1.721809E-1
4.233333E-1	1.732276E-2
4.266667E-1	1.828689E-1
4.300000E-1	9.577291E-2
4.333333E-1	-1.236693E-1
4.366667E-1	-1.721779E-1
4.400000E-1	1.732766E-2
4.433333E-1	1.828699E-1
4.466667E-1	9.576606E-2
4.500000E-1	-1.236732E-1
4.533333E-1	-1.721750E-1
4.566667E-1	1.733158E-2
4.600000E-1	1.828709E-1
4.633333E-1	9.576214E-2
4.666667E-1	-1.236830E-1
4.700000E-1	-1.721711E-1
4.733333E-1	1.734137E-2
4.766667E-1	1.828738E-1
4.800000E-1	9.575627E-2
4.833333E-1	-1.236791E-1
4.866667E-1	-1.721681E-1
4.900000E-1	1.734627E-2
4.933333E-1	1.828797E-1
4.966667E-1	9.575235E-2
5.000000E-1	-1.236879E-1
5.033333E-1	-1.721711E-1
5.066667E-1	1.735411E-2
5.100000E-1	1.828797E-1
5.133333E-1	9.574647E-2
5.166667E-1	-1.236928E-1
5.200000E-1	-1.721652E-1
5.233333E-1	1.735705E-2
5.266667E-1	1.828836E-1
5.300000E-1	9.574059E-2
5.333333E-1	-1.236928E-1
5.366667E-1	-1.721672E-1
5.400000E-1	1.736293E-2
5.433333E-1	1.828797E-1
5.466667E-1	9.573667E-2
5.500000E-1	-1.237016E-1
5.533333E-1	-1.721642E-1
5.566667E-1	1.737370E-2
5.600000E-1	1.828807E-1
5.633333E-1	9.573177E-2
5.666667E-1	-1.237026E-1
5.700000E-1	-1.721584E-1
5.733333E-1	1.738154E-2
5.766667E-1	1.828846E-1
5.800000E-1	9.572198E-2
5.833333E-1	-1.237055E-1
5.866667E-1	-1.721584E-1
5.900000E-1	1.738252E-2
5.933333E-1	1.828826E-1
5.966667E-1	9.571903E-2
6.000000E-1	-1.237124E-1
6.033333E-1	-1.721564E-1
6.066667E-1	1.739232E-2
6.100000E-1	1.828856E-1
6.133333E-1	9.571119E-2
6.166667E-1	-1.237192E-1
6.200000E-1	-1.721525E-1
6.233333E-1	1.739820E-2
6.266667E-1	1.828856E-1
6.300000E-1	9.570727E-2
6.333333E-1	-1.237202E-1
6.366667E-1	-1.721446E-1
6.400000E-1	1.740211E-2
6.433333E-1	1.828865E-1
6.466667E-1	9.570826E-2
6.500000E-1	-1.237271E-1
6.533333E-1	-1.721456E-1
6.566667E-1	1.741093E-2
6.600000E-1	1.828904E-1
6.633333E-1	9.569847E-2
6.666667E-1	-1.237359E-1
6.700000E-1	-1.721505E-1
6.733333E-1	1.741289E-2
6.766667E-1	1.828963E-1
6.800000E-1	9.568965E-2
6.833333E-1	-1.237320E-1
6.866667E-1	-1.721427E-1
6.900000E-1	1.741975E-2
6.933333E-1	1.828983E-1
6.966667E-1	9.568866E-2
7.000000E-1	-1.237369E-1
7.033333E-1	-1.721417E-1
7.066667E-1	1.742661E-2
7.100000E-1	1.828983E-1
7.133333E-1	9.568474E-2
7.166667E-1	-1.237457E-1
7.200000E-1	-1.721378E-1
7.233333E-1	1.743346E-2
7.266667E-1	1.828924E-1
7.300000E-1	9.567299E-2
7.333333E-1	-1.237467E-1
7.366667E-1	-1.721329E-1
7.400000E-1	1.743738E-2
7.433333E-1	1.828934E-1
7.466667E-1	9.567299E-2
7.500000E-1	-1.237555E-1
7.533333E-1	-1.721299E-1
7.566667E-1	1.744620E-2
7.600000E-1	1.829002E-1
7.633333E-1	9.566320E-2
7.666667E-1	-1.237574E-1
7.700000E-1	-1.721241E-1
7.733333E-1	1.745110E-2
7.766667E-1	1.829002E-1
7.800000E-1	9.566123E-2
7.833333E-1	-1.237633E-1
7.866667E-1	-1.721280E-1
7.900000E-1	1.746090E-2
7.933333E-1	1.829061E-1
7.966667E-1	9.565339E-2
8.000000E-1	-1.237672E-1
8.033333E-1	-1.721241E-1
8.066667E-1	1.746090E-2
8.100000E-1	1.829012E-1
8.133333E-1	9.565339E-2
8.166667E-1	-1.237692E-1
8.200000E-1	-1.721241E-1
8.233333E-1	1.746971E-2
8.266667E-1	1.829032E-1
8.300000E-1	9.563870E-2
8.333333E-1	-1.237780E-1
8.366667E-1	-1.721202E-1
8.400000E-1	1.747559E-2
8.433333E-1	1.829032E-1
8.466667E-1	9.563576E-2
8.500000E-1	-1.237849E-1
8.533333E-1	-1.721172E-1
8.566667E-1	1.748245E-2
8.600000E-1	1.829071E-1
8.633333E-1	9.563086E-2
8.666667E-1	-1.237878E-1
8.700000E-1	-1.721133E-1
8.733333E-1	1.748735E-2
8.766667E-1	1.829032E-1
8.800000E-1	9.562891E-2
8.833333E-1	-1.237917E-1
8.866667E-1	-1.721064E-1
8.900000E-1	1.749323E-2
8.933333E-1	1.829042E-1
8.966667E-1	9.562009E-2
9.000000E-1	-1.237947E-1
9.033333E-1	-1.721054E-1
9.066667E-1	1.749812E-2
9.100000E-1	1.829071E-1
9.133333E-1	9.561617E-2
9.166667E-1	-1.238035E-1
9.200000E-1	-1.721064E-1
9.233333E-1	1.750694E-2
9.266667E-1	1.829081E-1
9.300000E-1	9.561323E-2
9.333333E-1	-1.238084E-1
9.366667E-1	-1.721064E-1
9.400000E-1	1.751380E-2
9.433333E-1	1.829110E-1
9.466667E-1	9.560735E-2
9.500000E-1	-1.238113E-1
9.533333E-1	-1.720957E-1
9.566667E-1	1.752262E-2
9.600000E-1	1.829140E-1
9.633333E-1	9.560343E-2
9.666667E-1	-1.238123E-1
9.700000E-1	-1.721015E-1
9.733333E-1	1.752066E-2
9.766667E-1	1.829130E-1
9.800000E-1	9.559854E-2
9.833333E-1	-1.238192E-1
9.866667E-1	-1.720966E-1
9.900000E-1	1.752850E-2
9.933333E-1	1.829140E-1
9.966667E-1	9.559167E-2
1.000000E+0	-1.238250E-1
1.003333E+0	-1.720937E-1
1.006667E+0	1.753731E-2
1.010000E+0	1.829199E-1
1.013333E+0	9.558383E-2
1.016667E+0	-1.238270E-1
1.020000E+0	-1.720888E-1
1.023333E+0	1.754319E-2
1.026667E+0	1.829199E-1
1.030000E+0	9.557600E-2
1.033333E+0	-1.238319E-1
1.036667E+0	-1.720859E-1
1.040000E+0	1.754515E-2
1.043333E+0	1.829189E-1
1.046667E+0	9.556816E-2
1.050000E+0	-1.238329E-1
1.053333E+0	-1.720859E-1
1.056667E+0	1.755789E-2
1.060000E+0	1.829257E-1
1.063333E+0	9.556621E-2
1.066667E+0	-1.238417E-1
1.070000E+0	-1.720819E-1
1.073333E+0	1.755985E-2
1.076667E+0	1.829228E-1
1.080000E+0	9.556425E-2
1.083333E+0	-1.238446E-1
1.086667E+0	-1.720868E-1
1.090000E+0	1.756376E-2
1.093333E+0	1.829247E-1
1.096667E+0	9.555642E-2
1.100000E+0	-1.238505E-1
1.103333E+0	-1.720790E-1
1.106667E+0	1.757454E-2
1.110000E+0	1.829287E-1
1.113333E+0	9.555543E-2
1.116667E+0	-1.238544E-1
1.120000E+0	-1.720800E-1
1.123333E+0	1.758140E-2
1.126667E+0	1.829267E-1
1.130000E+0	9.554759E-2
1.133333E+0	-1.238623E-1
1.136667E+0	-1.720741E-1
1.140000E+0	1.758532E-2
1.143333E+0	1.829257E-1
1.146667E+0	9.554563E-2
1.150000E+0	-1.238632E-1
1.153333E+0	-1.720692E-1
1.156667E+0	1.758826E-2
1.160000E+0	1.829277E-1
1.163333E+0	9.553682E-2
1.166667E+0	-1.238672E-1
1.170000E+0	-1.720663E-1
1.173333E+0	1.759512E-2
1.176667E+0	1.829277E-1
1.180000E+0	9.553290E-2
1.183333E+0	-1.238721E-1
1.186667E+0	-1.720692E-1
1.190000E+0	1.760589E-2
1.193333E+0	1.829287E-1
1.196667E+0	9.552506E-2
1.200000E+0	-1.238770E-1
1.203333E+0	-1.720633E-1
1.206667E+0	1.761079E-2
1.210000E+0	1.829346E-1
1.213333E+0	9.552211E-2
1.216667E+0	-1.238848E-1
1.220000E+0	-1.720633E-1
1.223333E+0	1.761863E-2
1.226667E+0	1.829375E-1
1.230000E+0	9.551624E-2
1.233333E+0	-1.238877E-1
1.236667E+0	-1.720584E-1
1.240000E+0	1.762255E-2
1.243333E+0	1.829385E-1
1.246667E+0	9.550644E-2
1.250000E+0	-1.238936E-1
1.253333E+0	-1.720555E-1
1.256667E+0	1.762940E-2
1.260000E+0	1.829404E-1
1.263333E+0	9.550547E-2
1.266667E+0	-1.238975E-1
1.270000E+0	-1.720515E-1
1.273333E+0	1.763724E-2
1.276667E+0	1.829385E-1
1.280000E+0	9.550252E-2
1.283333E+0	-1.238965E-1
1.286667E+0	-1.720486E-1
1.290000E+0	1.764116E-2
1.293333E+0	1.829394E-1
1.296667E+0	9.549566E-2
1.300000E+0	-1.239024E-1
1.303333E+0	-1.720515E-1
1.306667E+0	1.764606E-2
1.310000E+0	1.829414E-1
1.313333E+0	9.548783E-2
1.316667E+0	-1.239103E-1
1.320000E+0	-1.720476E-1
1.323333E+0	1.765390E-2
1.326667E+0	1.829434E-1
1.330000E+0	9.548097E-2
1.333333E+0	-1.239152E-1
1.336667E+0	-1.720428E-1
1.340000E+0	1.765880E-2
1.343333E+0	1.829443E-1
1.346667E+0	9.548195E-2
1.350000E+0	-1.239230E-1
1.353333E+0	-1.720388E-1
1.356667E+0	1.766369E-2
1.360000E+0	1.829443E-1
1.363333E+0	9.547215E-2
1.366667E+0	-1.239269E-1
1.370000E+0	-1.720388E-1
1.373333E+0	1.767153E-2
1.376667E+0	1.829502E-1
1.380000E+0	9.546921E-2
1.383333E+0	-1.239279E-1
1.386667E+0	-1.720388E-1
1.390000E+0	1.767937E-2
1.393333E+0	1.829492E-1
1.396667E+0	9.546334E-2
1.400000E+0	-1.239308E-1
1.403333E+0	-1.720330E-1
1.406667E+0	1.768623E-2
1.410000E+0	1.829561E-1
1.413333E+0	9.545647E-2
1.416667E+0	-1.239367E-1
1.420000E+0	-1.720280E-1
1.423333E+0	1.769014E-2
1.426667E+0	1.829531E-1
1.430000E+0	9.545255E-2
1.433333E+0	-1.239377E-1
1.436667E+0	-1.720290E-1
1.440000E+0	1.770092E-2
1.443333E+0	1.829541E-1
1.446667E+0	9.544570E-2
1.450000E+0	-1.239465E-1
1.453333E+0	-1.720271E-1
1.456667E+0	1.770582E-2
1.460000E+0	1.829581E-1
1.463333E+0	9.543983E-2
1.466667E+0	-1.239495E-1
1.470000E+0	-1.720320E-1
1.473333E+0	1.770974E-2
1.476667E+0	1.829581E-1
1.480000E+0	9.543394E-2
1.483333E+0	-1.239593E-1
1.486667E+0	-1.720222E-1
1.490000E+0	1.771954E-2
1.493333E+0	1.829581E-1
1.496667E+0	9.542906E-2
1.500000E+0	-1.239622E-1
1.503333E+0	-1.720222E-1
1.506667E+0	1.772346E-2
1.510000E+0	1.829630E-1
1.513333E+0	9.542219E-2
1.516667E+0	-1.239690E-1
1.520000E+0	-1.720173E-1
1.523333E+0	1.772444E-2
1.526667E+0	1.829610E-1
1.530000E+0	9.542122E-2
1.533333E+0	-1.239681E-1
1.536667E+0	-1.720173E-1
1.540000E+0	1.773227E-2
1.543333E+0	1.829639E-1
1.546667E+0	9.541338E-2
1.550000E+0	-1.239749E-1
1.553333E+0	-1.720153E-1
1.556667E+0	1.773913E-2
1.560000E+0	1.829649E-1
1.563333E+0	9.540946E-2
1.566667E+0	-1.239779E-1
1.570000E+0	-1.720075E-1
1.573333E+0	1.774599E-2
1.576667E+0	1.829659E-1
1.580000E+0	9.540162E-2
1.583333E+0	-1.239847E-1
1.586667E+0	-1.720055E-1
1.590000E+0	1.775284E-2
1.593333E+0	1.829630E-1
1.596667E+0	9.539475E-2
1.600000E+0	-1.239916E-1
1.603333E+0	-1.720026E-1
1.606667E+0	1.775480E-2
1.610000E+0	1.829630E-1
1.613333E+0	9.539182E-2
1.616667E+0	-1.239916E-1
1.620000E+0	-1.720026E-1
1.623333E+0	1.776558E-2
1.626667E+0	1.829620E-1
1.630000E+0	9.538300E-2
1.633333E+0	-1.240024E-1
1.636667E+0	-1.720006E-1
1.640000E+0	1.776950E-2
1.643333E+0	1.829669E-1
1.646667E+0	9.538006E-2
1.650000E+0	-1.240033E-1
1.653333E+0	-1.719996E-1
1.656667E+0	1.777734E-2
1.660000E+0	1.829698E-1
1.663333E+0	9.537419E-2
1.666667E+0	-1.240092E-1
1.670000E+0	-1.720006E-1
1.673333E+0	1.777930E-2
1.676667E+0	1.829728E-1
1.680000E+0	9.536929E-2
1.683333E+0	-1.240131E-1
1.686667E+0	-1.719986E-1
1.690000E+0	1.779106E-2
1.693333E+0	1.829698E-1
1.696667E+0	9.536342E-2
1.700000E+0	-1.240161E-1
1.703333E+0	-1.719898E-1
1.706667E+0	1.779106E-2
1.710000E+0	1.829747E-1
1.713333E+0	9.535361E-2
1.716667E+0	-1.240200E-1
1.720000E+0	-1.719879E-1
1.723333E+0	1.779791E-2
1.726667E+0	1.829767E-1
1.730000E+0	9.535166E-2
1.733333E+0	-1.240219E-1
1.736667E+0	-1.719840E-1
1.740000E+0	1.781163E-2
1.743333E+0	1.829786E-1
1.746667E+0	9.535361E-2
1.750000E+0	-1.240308E-1
1.753333E+0	-1.719771E-1
1.756667E+0	1.781457E-2
1.760000E+0	1.829826E-1
1.763333E+0	9.534871E-2
1.766667E+0	-1.240327E-1
1.770000E+0	-1.719791E-1
1.773333E+0	1.782436E-2
1.776667E+0	1.829826E-1
1.780000E+0	9.534284E-2
1.783333E+0	-1.240376E-1
1.786667E+0	-1.719781E-1
1.790000E+0	1.782338E-2
1.793333E+0	1.829816E-1
1.796667E+0	9.533303E-2
1.800000E+0	-1.240455E-1
1.803333E+0	-1.719771E-1
1.806667E+0	1.783514E-2
1.810000E+0	1.829865E-1
1.813333E+0	9.533010E-2
1.816667E+0	-1.240494E-1
1.820000E+0	-1.719722E-1
1.823333E+0	1.783710E-2
1.826667E+0	1.829826E-1
1.830000E+0	9.532519E-2
1.833333E+0	-1.240523E-1
1.836667E+0	-1.719712E-1
1.840000E+0	1.784200E-2
1.843333E+0	1.829894E-1
1.846667E+0	9.532324E-2
1.850000E+0	-1.240572E-1
1.853333E+0	-1.719644E-1
1.856667E+0	1.784984E-2
1.860000E+0	1.829904E-1
1.863333E+0	9.530757E-2
1.866667E+0	-1.240572E-1
1.870000E+0	-1.719634E-1
1.873333E+0	1.785865E-2
1.876667E+0	1.829894E-1
1.880000E+0	9.530952E-2
1.883333E+0	-1.240660E-1
1.886667E+0	-1.719663E-1
1.890000E+0	1.786453E-2
1.893333E+0	1.829904E-1
1.896667E+0	9.530168E-2
1.900000E+0	-1.240680E-1
1.903333E+0	-1.719624E-1
1.906667E+0	1.786747E-2
1.910000E+0	1.829904E-1
1.913333E+0	9.529874E-2
1.916667E+0	-1.240739E-1
1.920000E+0	-1.719575E-1
1.923333E+0	1.787825E-2
1.926667E+0	1.829973E-1
1.930000E+0	9.529189E-2
1.933333E+0	-1.240827E-1
1.936667E+0	-1.719585E-1
1.940000E+0	1.787923E-2
1.943333E+0	1.829943E-1
1.946667E+0	9.528307E-2
1.950000E+0	-1.240827E-1
1.953333E+0	-1.719546E-1
1.956667E+0	1.788804E-2
1.960000E+0	1.829943E-1
1.963333E+0	9.528210E-2
1.966667E+0	-1.240876E-1
1.970000E+0	-1.719556E-1
1.973333E+0	1.789490E-2
1.976667E+0	1.829943E-1
1.980000E+0	9.527720E-2
1.983333E+0	-1.240935E-1
1.986667E+0	-1.719487E-1
1.990000E+0	1.789784E-2
1.993333E+0	1.830002E-1
1.996667E+0	9.526838E-2
