5/22/2015
8:11:25 PM
Time	signal in
0.0000E+0	6.0019E-3
2.0000E-2	6.0140E-3
4.0000E-2	6.0009E-3
6.0000E-2	5.9852E-3
8.0000E-2	6.0034E-3
1.0000E-1	6.0012E-3
1.2000E-1	6.0127E-3
1.4000E-1	6.0012E-3
1.6000E-1	5.9846E-3
1.8000E-1	6.0019E-3
2.0000E-1	6.0009E-3
2.2000E-1	6.0138E-3
2.4000E-1	6.0016E-3
2.6000E-1	5.9857E-3
2.8000E-1	6.0022E-3
3.0000E-1	6.0020E-3
3.2000E-1	6.0135E-3
3.4000E-1	6.0012E-3
3.6000E-1	5.9846E-3
3.8000E-1	6.0027E-3
4.0000E-1	5.9993E-3
4.2000E-1	6.0136E-3
4.4000E-1	6.0009E-3
4.6000E-1	5.9856E-3
4.8000E-1	6.0014E-3
5.0000E-1	6.0004E-3
5.2000E-1	6.0128E-3
5.4000E-1	6.0016E-3
5.6000E-1	5.9856E-3
5.8000E-1	6.0020E-3
6.0000E-1	6.0016E-3
6.2000E-1	6.0128E-3
6.4000E-1	6.0022E-3
6.6000E-1	5.9833E-3
6.8000E-1	6.0032E-3
7.0000E-1	6.0004E-3
7.2000E-1	6.0130E-3
7.4000E-1	6.0014E-3
7.6000E-1	5.9862E-3
7.8000E-1	6.0006E-3
8.0000E-1	5.9999E-3
8.2000E-1	6.0148E-3
8.4000E-1	6.0011E-3
8.6000E-1	5.9846E-3
8.8000E-1	6.0014E-3
9.0000E-1	6.0014E-3
9.2000E-1	6.0135E-3
9.4000E-1	6.0019E-3
9.6000E-1	5.9851E-3
9.8000E-1	6.0007E-3
1.0000E+0	5.9999E-3
1.0200E+0	6.0131E-3
1.0400E+0	6.0009E-3
1.0600E+0	5.9857E-3
1.0800E+0	6.0019E-3
1.1000E+0	6.0006E-3
1.1200E+0	6.0140E-3
1.1400E+0	6.0011E-3
1.1600E+0	5.9867E-3
1.1800E+0	6.0002E-3
1.2000E+0	6.0002E-3
1.2200E+0	6.0159E-3
1.2400E+0	6.0004E-3
1.2600E+0	5.9849E-3
1.2800E+0	6.0009E-3
1.3000E+0	6.0006E-3
1.3200E+0	6.0146E-3
1.3400E+0	6.0009E-3
1.3600E+0	5.9849E-3
1.3800E+0	6.0007E-3
1.4000E+0	5.9998E-3
1.4200E+0	6.0123E-3
1.4400E+0	5.9994E-3
1.4600E+0	5.9838E-3
1.4800E+0	6.0009E-3
1.5000E+0	6.0006E-3
1.5200E+0	6.0138E-3
1.5400E+0	6.0016E-3
1.5600E+0	5.9847E-3
1.5800E+0	6.0002E-3
1.6000E+0	5.9994E-3
1.6200E+0	6.0130E-3
1.6400E+0	5.9993E-3
1.6600E+0	5.9849E-3
1.6800E+0	5.9980E-3
1.7000E+0	5.9989E-3
1.7200E+0	6.0125E-3
1.7400E+0	6.0011E-3
1.7600E+0	5.9865E-3
1.7800E+0	6.0024E-3
1.8000E+0	6.0004E-3
1.8200E+0	6.0143E-3
1.8400E+0	6.0020E-3
1.8600E+0	5.9844E-3
1.8800E+0	5.9983E-3
1.9000E+0	5.9998E-3
1.9200E+0	6.0138E-3
1.9400E+0	6.0009E-3
1.9600E+0	5.9852E-3
1.9800E+0	6.0004E-3
2.0000E+0	5.9998E-3
2.0200E+0	6.0149E-3
2.0400E+0	6.0016E-3
2.0600E+0	5.9873E-3
2.0800E+0	6.0004E-3
2.1000E+0	5.9989E-3
2.1200E+0	6.0131E-3
2.1400E+0	6.0007E-3
2.1600E+0	5.9834E-3
2.1800E+0	5.9994E-3
2.2000E+0	5.9985E-3
2.2200E+0	6.0114E-3
2.2400E+0	5.9996E-3
2.2600E+0	5.9854E-3
2.2800E+0	5.9973E-3
2.3000E+0	5.9973E-3
2.3200E+0	6.0135E-3
2.3400E+0	6.0009E-3
2.3600E+0	5.9852E-3
2.3800E+0	5.9999E-3
2.4000E+0	5.9991E-3
2.4200E+0	6.0143E-3
2.4400E+0	6.0009E-3
2.4600E+0	5.9859E-3
2.4800E+0	5.9998E-3
2.5000E+0	5.9973E-3
2.5200E+0	6.0135E-3
2.5400E+0	6.0007E-3
2.5600E+0	5.9844E-3
2.5800E+0	5.9971E-3
2.6000E+0	5.9981E-3
2.6200E+0	6.0141E-3
2.6400E+0	5.9998E-3
2.6600E+0	5.9852E-3
2.6800E+0	5.9973E-3
2.7000E+0	5.9980E-3
2.7200E+0	6.0145E-3
2.7400E+0	5.9993E-3
2.7600E+0	5.9865E-3
2.7800E+0	5.9968E-3
2.8000E+0	5.9989E-3
2.8200E+0	6.0128E-3
2.8400E+0	5.9994E-3
2.8600E+0	5.9836E-3
2.8800E+0	5.9963E-3
2.9000E+0	5.9993E-3
2.9200E+0	6.0140E-3
2.9400E+0	5.9991E-3
2.9600E+0	5.9860E-3
2.9800E+0	5.9993E-3
3.0000E+0	5.9980E-3
3.0200E+0	6.0130E-3
3.0400E+0	5.9998E-3
3.0600E+0	5.9865E-3
3.0800E+0	5.9970E-3
3.1000E+0	5.9973E-3
3.1200E+0	6.0145E-3
3.1400E+0	6.0011E-3
3.1600E+0	5.9856E-3
3.1800E+0	5.9967E-3
3.2000E+0	5.9980E-3
3.2200E+0	6.0148E-3
3.2400E+0	5.9998E-3
3.2600E+0	5.9856E-3
3.2800E+0	5.9970E-3
3.3000E+0	5.9962E-3
3.3200E+0	6.0143E-3
3.3400E+0	5.9996E-3
3.3600E+0	5.9860E-3
3.3800E+0	5.9973E-3
3.4000E+0	5.9993E-3
3.4200E+0	6.0131E-3
3.4400E+0	5.9998E-3
3.4600E+0	5.9847E-3
3.4800E+0	5.9968E-3
3.5000E+0	5.9973E-3
3.5200E+0	6.0154E-3
3.5400E+0	6.0007E-3
3.5600E+0	5.9875E-3
3.5800E+0	5.9970E-3
3.6000E+0	5.9968E-3
3.6200E+0	6.0145E-3
3.6400E+0	6.0002E-3
3.6600E+0	5.9854E-3
3.6800E+0	5.9973E-3
3.7000E+0	5.9994E-3
3.7200E+0	6.0148E-3
3.7400E+0	6.0009E-3
3.7600E+0	5.9865E-3
3.7800E+0	5.9976E-3
3.8000E+0	5.9975E-3
3.8200E+0	6.0163E-3
3.8400E+0	5.9989E-3
3.8600E+0	5.9883E-3
3.8800E+0	5.9963E-3
3.9000E+0	5.9991E-3
3.9200E+0	6.0156E-3
3.9400E+0	6.0009E-3
3.9600E+0	5.9869E-3
3.9800E+0	5.9976E-3
4.0000E+0	5.9991E-3
4.0200E+0	6.0151E-3
4.0400E+0	6.0017E-3
4.0600E+0	5.9883E-3
4.0800E+0	5.9980E-3
4.1000E+0	6.0004E-3
4.1200E+0	6.0182E-3
4.1400E+0	6.0030E-3
4.1600E+0	5.9865E-3
4.1800E+0	5.9976E-3
4.2000E+0	5.9991E-3
4.2200E+0	6.0146E-3
4.2400E+0	6.0029E-3
4.2600E+0	5.9862E-3
4.2800E+0	5.9975E-3
4.3000E+0	5.9970E-3
4.3200E+0	6.0164E-3
4.3400E+0	6.0019E-3
4.3600E+0	5.9888E-3
4.3800E+0	5.9978E-3
4.4000E+0	6.0004E-3
4.4200E+0	6.0167E-3
4.4400E+0	6.0001E-3
4.4600E+0	5.9895E-3
4.4800E+0	5.9971E-3
4.5000E+0	5.9999E-3
4.5200E+0	6.0159E-3
4.5400E+0	6.0032E-3
4.5600E+0	5.9864E-3
4.5800E+0	5.9957E-3
4.6000E+0	5.9980E-3
4.6200E+0	6.0161E-3
4.6400E+0	6.0019E-3
4.6600E+0	5.9885E-3
4.6800E+0	5.9978E-3
4.7000E+0	5.9989E-3
4.7200E+0	6.0164E-3
4.7400E+0	6.0027E-3
4.7600E+0	5.9875E-3
4.7800E+0	5.9971E-3
4.8000E+0	5.9981E-3
4.8200E+0	6.0167E-3
4.8400E+0	6.0011E-3
4.8600E+0	5.9883E-3
4.8800E+0	5.9971E-3
4.9000E+0	5.9993E-3
4.9200E+0	6.0151E-3
4.9400E+0	6.0024E-3
4.9600E+0	5.9888E-3
4.9800E+0	5.9975E-3
5.0000E+0	5.9994E-3
5.0200E+0	6.0159E-3
5.0400E+0	6.0009E-3
5.0600E+0	5.9872E-3
5.0800E+0	5.9975E-3
5.1000E+0	5.9983E-3
5.1200E+0	6.0172E-3
5.1400E+0	6.0001E-3
5.1600E+0	5.9882E-3
5.1800E+0	5.9962E-3
5.2000E+0	5.9962E-3
5.2200E+0	6.0159E-3
5.2400E+0	6.0004E-3
5.2600E+0	5.9867E-3
5.2800E+0	5.9945E-3
5.3000E+0	5.9980E-3
5.3200E+0	6.0164E-3
5.3400E+0	6.0006E-3
5.3600E+0	5.9872E-3
5.3800E+0	5.9944E-3
5.4000E+0	5.9989E-3
5.4200E+0	6.0166E-3
5.4400E+0	6.0014E-3
5.4600E+0	5.9880E-3
5.4800E+0	5.9954E-3
5.5000E+0	5.9970E-3
5.5200E+0	6.0180E-3
5.5400E+0	6.0014E-3
5.5600E+0	5.9878E-3
5.5800E+0	5.9952E-3
5.6000E+0	5.9973E-3
5.6200E+0	6.0166E-3
5.6400E+0	6.0011E-3
5.6600E+0	5.9893E-3
5.6800E+0	5.9971E-3
5.7000E+0	6.0001E-3
5.7200E+0	6.0189E-3
5.7400E+0	6.0019E-3
5.7600E+0	5.9893E-3
5.7800E+0	5.9967E-3
5.8000E+0	5.9999E-3
5.8200E+0	6.0174E-3
5.8400E+0	6.0012E-3
5.8600E+0	5.9896E-3
5.8800E+0	5.9962E-3
5.9000E+0	6.0002E-3
5.9200E+0	6.0176E-3
5.9400E+0	6.0030E-3
5.9600E+0	5.9901E-3
5.9800E+0	5.9955E-3
